#Undirected graph points data
(368, 368)-(393, 550)
(393, 550)-(393, 856)
(393, 856)-(393, 1052)
(393, 1052)-(393, 1280)
(393, 1280)-(393, 1509)
(393, 1509)-(393, 1776)
(393, 1776)-(393, 1940)
(393, 1940)-(483, 2200)
(483, 2200)-(606, 2350)
(606, 2350)-(606, 2660)
(393, 856)-(393, 867)
(820, 303)-(820, 867)
(820, 867)-(820, 1440)
(820, 1440)-(820, 1770)
(820, 1770)-(820, 1940)
(820, 1940)-(483,2200)
(820,1940)-(606,2350)
(820,1440)-(1080,1440)
(1080,1440)-(1310,1440)
(820,1770)-(1320,1770)
(820,1770)-(820,1940)
(820,1770)-(1060,2010)
(1060,2010)-(1010,2350)
(820,1940)-(1060,2010)
(820,1940)-(1010,2350)
(606,2350)-(1010,2350)
(1060,2010)-(1320,1770)
(1060,2010)-(1320,1835)
(1060,2010)-(1320,2160)
(1320,2160)-(1340,2350)
(1010,2350)-(1340,2350)
(1010,2350)-(1320,2160)
(1320,2160)-(1600,2180)
(1320,480)-(1320,890)
(1320,890)-(1320,1440)
(1320,1440)-(1320,1500)
(1320,1500)-(1320,1770)
(1320,1770)-(1320,1835)
(1320,1835)-(1320,2160)
(1320,1500)-(1710,1510)
(393,1940)-(820,1940)
(606,2350)-(1060,2010)





